100010101000000000000010
100010101001100000000010
100010101010000000000010
100010101010010000000010
100010101011100000000010
100010101001000000000010
100010101011000000000010
100010101011010000000010
110000100000000000000010
110000100001100000000010
110000100010000000000010
110000100010010000000010
110000100011100000000010
110000100001000000000010
110000100011000000000010
110000100011010000000010
000000000000000000000000
000000000000000000000000
000000000000000000000000
000000000000000000000000
000000000000000000000000
100010101001010000000010
000000000000000000000000
000000000000000000000000
110000100000010000000010
000000000000000000000000
000000000000000000000000
000000000000000000000000
000000000000000000000000
110000100001010000000010
000000000000000000000000
000000000000000000000000
110000100100000000000010
110000100100010000000010
110000100100100000000010
110000100100110000000010
110000100101000000000010
110000100101010000000010
110000100101100000000010
110000100101110000000010
100010110000000000100001
100010110000000000100101
100010110000000000101001
000000000000000000000000
100010110000000000101101
100010110000000000110001
000000000000000000000000
000000000000000000000000
110100010000000000110101
110100010000000000111001
110100010000000000111101
000000000000000000000000
000000000000000000000000
000000000000000000000000
000000000000000000000000
000000000000000000000000
110111000000000001000000
110111000000000010000000
000000000000000000000000
000000000000000000000000
110111000000000011000000
110111000000000100000000
110111000000000101000000
110111000000000110000000
000000000000000000000000
001000101111110000000010
100011110000000111000000
001011100000000111000000
